100644,0.626871
103163,0.425718
103188,0.442967
103285,0.586419
103333,0.804331
103401,0.562196
103499,0.644866
103529,0.742604
103565,0.287087
103582,0.552812
103594,0.657208
103600,0.794806
103607,0.653641
103656,0.548269
103720,0.410964
103781,0.57899
103794,0.485714
103812,0.551583
103813,0.539483
103819,1.16402
103821,0.317485
103843,0.490646
103852,0.759672
103875,0.249781
103888,0.494055
103893,0.426511
103898,0.356893
103902,0.713876
103908,0.556398
103917,0.639574
103926,0.571993
103967,0.380098
103970,1.00588
103990,0.706308
103997,0.494201
104007,0.384547
104022,0.451687
104095,0.412714
104112,0.431671
104117,0.392684
104122,0.588038
104180,0.811799
104198,0.751815
104216,0.188423
104229,0.651368
104233,0.5192
104252,0.511198
104259,0.813533
104268,0.471868
104269,0.702618
104273,0.510629
104291,0.505655
104297,0.265054
104308,0.459711
104312,0.754644
104327,0.640293
104330,0.631348
104338,0.690316
104349,0.52703
104386,0.44373
104424,0.501617
104433,0.163866
104460,0.572662
104467,0.484248
104468,0.8684
104471,0.562293
104494,0.609854
104499,0.590302
104500,0.445616
104505,0.267131
104527,1.03689
104534,0.552557
104535,0.638239
104542,0.911583
104545,0.872753
104547,0.50723
104559,0.624531
104563,0.437256
104571,0.792462
104586,0.617478
104591,0.557187
104593,0.58769
104594,0.343353
104597,0.662217
104600,0.601645
104603,0.408571
104604,0.489076
104607,1.01332
104619,0.471624
104620,0.738891
104628,0.251631
104629,0.290092
104631,0.577378
104655,0.69194
104656,0.218632
104660,0.620559
104665,0.595738
104672,0.245211
104676,0.336876
104678,0.745476
104695,0.544742
104714,0.451161
104719,0.563061
104731,0.901842
104735,0.35612
104736,0.230673
104745,1.02091
104755,0.985301
104763,0.287974
104770,0.349423
104783,0.37352
104792,0.87008
104797,0.657811
104802,0.295706
104804,0.445246
104810,0.406041
104813,0.281533
104822,0.36872
104839,0.421442
104847,0.350391
104868,0.424862
104871,0.738143
104873,0.396347
104882,0.369265
104890,0.618736
104895,0.415865
104897,0.447267
104898,0.589782
104905,0.279541
104907,0.322112
104909,0.58326
104910,0.625
104918,1.14113
104919,0.706613
104925,1.26723
104926,0.754361
104932,0.456923
104944,0.281319
104945,0.258501
104947,0.661189
104952,0.290151
104978,0.715824
104979,0.387119
104997,0.369814
104999,0.681099
105004,0.46137
105011,0.575067
105015,0.301261
105023,0.654743
105026,0.310616
105030,0.575039
105032,0.641629
105041,0.343956
105047,0.400243
105051,0.34206
105053,0.601789
105062,0.624068
105063,0.494274
105064,0.678052
105065,0.424939
105070,0.640532
105074,0.488368
105077,0.609428
105098,0.385101
105099,0.308287
105111,0.32148
105120,0.335631
105132,0.28103
105137,0.304806
105138,0.823726
105147,0.532892
105154,0.397013
105156,0.517995
105173,0.642013
105177,0.514636
105182,0.507711
105208,0.51457
105216,0.338623
105217,0.53507
105223,0.621152
105227,0.866255
105229,0.437266
105238,0.694004
105239,0.32481
105250,0.375
105254,0.561375
105269,0.53197
105270,0.385937
105271,0.459765
105273,0.625
105281,0.380671
105292,0.422201
105299,0.581645
105302,0.281837
105311,0.723854
105325,0.4951
105332,0.813915
105334,0.575252
105339,0.431848
105341,0.309553
105357,0.558095
105373,0.680886
105376,0.415779
105379,0.650664
105385,0.700728
105401,0.308837
105428,0.315205
105430,0.392228
105434,0.375969
105436,0.437972
105438,0.721773
105441,0.464232
105449,0.77378
105450,0.281319
105453,1.02289
105454,0.418215
105464,0.637893
105467,0.341302
105487,0.358492
105490,0.556216
105493,0.4554
105497,0.354035
105512,0.515937
105526,0.38941
105539,0.655304
105541,0.591182
105542,0.515226
105550,0.403221
105554,0.343112
105566,0.413679
105572,0.582256
105575,0.547154
105577,0.727923
105583,0.571562
105585,0.474818
105586,0.441407
105587,0.246334
105589,0.603288
105590,0.28369
105606,0.289583
105613,0.30445
105626,0.436853
105633,0.354098
105641,0.462207
105643,0.621693
105655,0.465926
105656,0.866425
105657,0.605496
105668,0.675838
105671,0.410906
105676,0.8289
105683,0.927979
105723,0.630296
105732,0.739263
105733,0.352698
105759,0.323316
105777,0.820049
105790,0.605828
105806,0.6554
105807,0.512176
105812,0.363524
105819,0.506893
105820,0.71697
105826,0.581339
105827,0.410908
105841,0.417272
105842,0.517347
105853,0.273536
105872,0.386953
105877,0.520493
105888,0.379079
105899,0.255997
105902,0.594649
105909,0.199853
105916,0.725714
105917,0.627289
105932,0.486787
105934,0.358346
105935,0.433741
105936,0.403783
105943,0.402204
105952,0.592456
105954,0.614434
105961,0.594486
105963,0.543917
105967,0.632986
105985,0.632281
105992,0.57049
106000,0.646639
106005,0.337392
106026,0.537418
106032,0.414963
106033,0.569409
106034,0.333521
106043,0.525004
106045,0.537262
106058,0.87458
106065,0.183109
106071,0.785127
106078,0.717595
106100,0.208127
106105,0.30984
106109,0.363261
106121,0.388225
106136,0.302054
106138,0.374844
106148,0.466633
106150,0.352072
106169,0.349051
106174,0.724678
106175,0.557408
106198,0.427724
106207,0.375624
106210,0.606159
106216,0.471975
106220,0.686151
106227,0.267351
106232,0.251552
106233,0.760877
106234,0.566305
106237,0.766782
106243,0.343387
106247,0.499451
106249,0.625
106261,0.359663
106281,0.543063
106290,0.31795
106291,0.35256
106293,0.347214
106298,0.663172
106299,0.303837
106325,0.37352
106342,0.667516
106362,0.335648
106368,0.28924
106378,0.331348
106381,0.332528
106390,0.653777
106393,0.400835
106401,0.802926
106412,0.405657
106415,0.490583
106423,0.587322
106426,0.722988
106432,0.724029
107098,0.360013
108618,0.352072
108717,0.625
108747,0.375
108748,0.375
108761,0.335904
108763,0.392548
108766,0.488457
108768,0.455475
108779,0.369829
108780,0.620004
108786,0.215048
108789,0.363727
108972,0.301896
109257,0.225756
109739,0.331337
110602,0.498289
110754,0.337392
111153,0.36214
111167,0.231046
111181,0.248041
111190,0.526944
111192,0.33819
111200,0.4704
111202,0.664111
111442,0.407951
111453,0.506697
111460,0.40389
111506,0.297003
111511,0.344297
111513,0.357187
111575,0.365246
111577,0.471542
111578,0.22412
111761,0.629328
111781,0.323496
111794,0.303636
111797,0.535869
111805,0.497585
117356,0.304021
118591,0.375
120401,0.523908
120792,0.539583
121331,0.297026
121896,0.355283
121908,0.414201
121971,0.34529
122321,0.625
122513,0.312284
122548,0.369951
122669,0.220825
123755,0.527284
123921,0.357187
123965,0.375
123983,0.376443
124063,0.461832
125571,0.677645
126094,0.530307
126152,0.412714
126203,0.567962
126204,0.407663
126205,0.418215
126207,0.366918
126473,0.625
126646,0.377662
126681,0.381622
127326,0.375
127570,0.377427
132566,0.376443
133301,0.359126
134114,0.268312
134886,0.304935
144707,0.375624
144719,0.560924
144799,0.405657
144854,0.313802
145016,0.318033
145022,0.422261
145023,0.198034
200270,0.375
200271,0.376443
200272,0.607832
200273,0.470578
200274,0.630696
200537,0.625
